0 7.09918
1 0.450451
2 0.305744
3 0.24275
4 0.208079
5 0.186868
6 0.167319
7 0.149554
8 0.138039
9 0.127312
10 0.121952
11 0.111111
12 0.106776
13 0.0987817
14 0.0930372
15 0.0885257
16 0.082449
17 0.0783586
18 0.0761542
19 0.0727572
20 0.0710657
21 0.0672995
22 0.0650689
23 0.0622377
24 0.0593995
25 0.0583999
26 0.056983
27 0.0549965
28 0.0546521
29 0.052124
30 0.0510381
31 0.0507198
32 0.0487629
33 0.0495554
34 0.0481609
35 0.0471816
36 0.0462048
37 0.045561
38 0.0453954
39 0.0443223
40 0.0434614
41 0.0432939
42 0.0424427
43 0.0420807
44 0.0447278
45 0.0414736
46 0.0407805
47 0.0401811
48 0.0403039
49 0.0396667
50 0.0393046
51 0.0393784
52 0.038596
53 0.0384059
54 0.0375796
55 0.0372831
56 0.0370948
57 0.0368701
58 0.0367925
59 0.0365818
60 0.0360936
61 0.0360225
62 0.0357249
63 0.0354862
64 0.0354178
65 0.0350225
66 0.0369409
67 0.043007
68 0.0455458
69 0.0451538
70 0.0432324
71 0.0448797
72 0.0411791
73 0.0360135
74 0.035525
75 0.0341983
76 0.0336219
77 0.0346658
78 0.0333253
79 0.0326226
80 0.0322743
81 0.0325763
82 0.0318109
83 0.031318
84 0.0311048
85 0.0307442
86 0.0306458
87 0.0305332
88 0.0305103
89 0.0302645
90 0.0301505
91 0.0300357
92 0.0299193
93 0.0298153
94 0.0297019
95 0.029597
96 0.0296565
97 0.029537
98 0.0292936
99 0.0292027
100 0.0290896
