0 7.04764
1 0.342351
2 0.242428
3 0.193466
4 0.164076
5 0.145163
6 0.14952
7 0.124224
8 0.112568
9 0.104509
10 0.0983614
11 0.0983808
12 0.090791
13 0.0904414
14 0.0776024
15 0.0768495
16 0.0701035
17 0.0673374
18 0.0612749
19 0.0588428
20 0.0548627
21 0.0528131
22 0.0504746
23 0.0491279
24 0.0465064
25 0.0457473
26 0.0425395
27 0.0416753
28 0.0380902
29 0.0358302
30 0.0347902
31 0.0331509
32 0.0325633
33 0.0300482
34 0.0293233
35 0.02902
36 0.0278726
37 0.0271316
38 0.0265382
39 0.0258165
40 0.0253492
41 0.0249026
42 0.0243832
43 0.0246577
44 0.0241293
45 0.0240339
46 0.023455
47 0.0230954
48 0.0229375
49 0.0227365
50 0.022519
51 0.0221957
52 0.022081
53 0.0218006
54 0.0215324
55 0.0214103
56 0.0215721
57 0.0213662
58 0.0213065
59 0.020717
60 0.0207345
61 0.0212039
62 0.0203513
63 0.0206299
64 0.0206205
65 0.0203882
66 0.0197449
67 0.019699
68 0.0194843
69 0.0192954
70 0.0190968
71 0.0191256
72 0.0188309
73 0.0186542
74 0.0185571
75 0.0184256
76 0.0182701
77 0.0181915
78 0.0181409
79 0.0180226
80 0.0179657
81 0.0179039
82 0.0177807
83 0.0177749
84 0.0176133
85 0.0175576
86 0.0175041
87 0.0174813
88 0.0173516
89 0.017289
90 0.0172696
91 0.0171248
92 0.018068
93 0.0188273
94 0.0177171
95 0.0215268
96 0.0336483
97 0.037255
98 0.0355759
99 0.0361766
100 0.0420783
101 0.0364909
102 0.0482764
103 0.0279639
104 0.0283014
105 0.0282933
106 0.0256008
107 0.0258811
108 0.0240326
109 0.0217735
110 0.0230619
111 0.0221842
112 0.0237615
113 0.0201292
114 0.020651
115 0.0193626
116 0.0183125
117 0.0181736
118 0.0168725
119 0.0167377
120 0.0157431
121 0.0156199
122 0.0155851
123 0.0152011
124 0.0149958
125 0.0148933
126 0.014813
127 0.014765
128 0.0147106
129 0.014662
130 0.0146239
131 0.0145665
132 0.0145237
133 0.0144871
134 0.0144407
135 0.0143796
136 0.0143243
137 0.0143056
138 0.0142488
139 0.0142122
140 0.0141893
141 0.014145
142 0.014109
143 0.0140395
144 0.0140058
145 0.0139464
146 0.0138836
147 0.0138176
148 0.0137717
149 0.0137215
150 0.0136837
151 0.0136595
152 0.0136322
153 0.013594
154 0.0135737
155 0.0135349
156 0.0134999
157 0.0134713
158 0.0134421
159 0.013413
160 0.0133795
161 0.013351
162 0.0133233
163 0.0132973
164 0.0132735
165 0.0132401
166 0.0132168
167 0.0131804
168 0.0131904
169 0.0131515
170 0.0131153
171 0.0130809
172 0.0130386
173 0.0130187
174 0.0130009
175 0.0129816
176 0.0129677
177 0.0129532
178 0.0129389
179 0.0129237
180 0.0129141
181 0.0128995
182 0.0128907
183 0.0128688
184 0.0128343
185 0.0128126
186 0.0128053
187 0.0127929
188 0.0127838
189 0.0127733
190 0.0127622
191 0.01275
192 0.0127403
193 0.0127263
194 0.0127043
195 0.0126719
196 0.012661
197 0.0126449
198 0.0126282
199 0.0126129
200 0.0125852
