0 6.9221
1 0.32273
2 0.245204
3 0.185892
4 0.159126
5 0.135859
6 0.113846
7 0.104177
8 0.110028
9 0.0920353
10 0.0829755
11 0.0865926
12 0.0708382
13 0.0635373
14 0.0576511
15 0.0599824
16 0.053797
17 0.0457724
18 0.044567
19 0.0415842
20 0.0345585
21 0.0330291
22 0.028711
23 0.0280138
24 0.025222
25 0.0241987
26 0.023525
27 0.0208375
28 0.0200038
29 0.0185858
30 0.0183671
31 0.017161
32 0.0165402
33 0.016066
34 0.0156704
35 0.0153147
36 0.0149743
37 0.014726
38 0.0145375
39 0.0143446
40 0.0141987
41 0.0140571
42 0.0139431
43 0.0137475
44 0.0135748
45 0.0133962
46 0.0132379
47 0.0130495
48 0.0128797
49 0.0126637
50 0.0124023
51 0.0122428
52 0.0121188
53 0.0119559
54 0.0118685
55 0.0118112
56 0.0117405
57 0.0116117
58 0.0115658
59 0.0115254
60 0.0114852
61 0.011446
62 0.0113984
63 0.0113304
64 0.0112492
65 0.0111894
66 0.0110467
67 0.0109843
68 0.0109295
69 0.0108615
70 0.010772
71 0.0106648
72 0.0106262
73 0.0105997
74 0.0105787
75 0.0105608
76 0.0105451
77 0.0105308
78 0.0105176
79 0.0105049
80 0.0104915
81 0.0104696
82 0.0103945
83 0.0103159
84 0.0102838
85 0.0102577
86 0.0102468
87 0.0102366
88 0.0102274
89 0.0102182
90 0.0102097
91 0.0102018
92 0.0101944
93 0.010187
94 0.0101787
95 0.0101672
96 0.0101566
97 0.0101443
98 0.0101262
99 0.01009
100 0.00999271
