0 4.28709
1 0.689341
2 0.585087
3 0.529192
4 0.506571
5 0.488512
6 0.470399
7 0.463063
8 0.437776
9 0.385387
10 0.369523
11 0.366393
12 0.35519
13 0.346141
14 0.343513
15 0.339478
16 0.335963
17 0.332733
18 0.330128
19 0.328561
20 0.32673
21 0.325294
22 0.323709
23 0.318674
24 0.305374
25 0.299485
26 0.288951
27 0.283755
28 0.275629
29 0.264994
30 0.264132
31 0.260314
32 0.255724
33 0.256989
34 0.258314
35 0.248047
36 0.24493
37 0.243041
38 0.240877
39 0.239342
40 0.237517
41 0.237714
42 0.23652
43 0.236018
44 0.237204
45 0.236615
46 0.236006
47 0.23492
48 0.234093
49 0.233354
50 0.232592
