0 7.5156
1 0.705888
2 0.627256
3 0.512207
4 0.46563
5 0.404827
6 0.410486
7 0.397851
8 0.456674
9 0.371147
10 0.364506
11 0.357942
12 0.349975
13 0.350834
14 0.316225
15 0.324276
16 0.32495
17 0.308821
18 0.329903
19 0.263603
20 0.218756
21 0.212195
22 0.231861
23 0.267254
24 0.24548
25 0.240592
26 0.223274
27 0.231264
28 0.222974
29 0.200787
30 0.200665
31 0.204124
32 0.261988
33 0.190402
34 0.184961
35 0.173606
36 0.194893
37 0.192771
38 0.191574
39 0.195213
40 0.199168
41 0.199616
42 0.183221
43 0.185305
44 0.172066
45 0.173918
46 0.20155
47 0.188081
48 0.166536
49 0.157226
50 0.18011
