0 6.94745
1 0.301863
2 0.228225
3 0.176026
4 0.151655
5 0.136002
6 0.121562
7 0.114406
8 0.109803
9 0.113372
10 0.105761
11 0.0933565
12 0.0932681
13 0.0873712
14 0.0912466
15 0.0795309
16 0.0755483
17 0.0771417
18 0.079199
19 0.0682967
20 0.080694
21 0.0738251
22 0.0594645
23 0.0588357
24 0.0550224
25 0.0639903
26 0.0530873
27 0.0612261
28 0.0548122
29 0.0504064
30 0.0538445
31 0.0598472
32 0.0574789
33 0.0568044
34 0.0493941
35 0.0431533
36 0.0382846
37 0.0401328
38 0.0499177
39 0.0429522
40 0.043396
41 0.0395303
42 0.0354975
43 0.0363467
44 0.0352487
45 0.0365065
46 0.0325974
47 0.0339674
48 0.0319374
49 0.0342972
50 0.0324397
51 0.0287367
52 0.0248651
53 0.0300088
54 0.0246192
55 0.0232467
56 0.0227067
57 0.0200198
58 0.0193934
59 0.0200875
60 0.0239862
61 0.0246031
62 0.0199543
63 0.0186564
64 0.0168454
65 0.0155228
66 0.0148903
67 0.0151981
68 0.0154893
69 0.0158993
70 0.014288
71 0.0137916
72 0.0141304
73 0.0133786
74 0.0130644
75 0.0126278
76 0.0123661
77 0.0122579
78 0.0120955
79 0.0120087
80 0.0119072
81 0.0117873
82 0.0116488
83 0.011548
84 0.011459
85 0.0114021
86 0.0113548
87 0.0113175
88 0.0112817
89 0.0112709
90 0.0112335
91 0.0112119
92 0.0111981
93 0.0111818
94 0.0111742
95 0.0111563
96 0.0111629
97 0.0111301
98 0.0111342
99 0.0111306
100 0.0111227
