0 6.9221
1 0.32273
2 0.245204
3 0.185892
4 0.159126
5 0.135859
6 0.113846
7 0.104177
8 0.110028
9 0.0920353
10 0.0829755
11 0.0865926
12 0.0708382
13 0.0635373
14 0.0576511
15 0.0599824
16 0.053797
17 0.0457724
18 0.044567
19 0.0415842
20 0.0345585
21 0.0330291
22 0.028711
23 0.0280138
24 0.025222
25 0.0241987
26 0.023525
27 0.0208375
28 0.0200038
29 0.0185858
30 0.0183671
31 0.017161
32 0.0165402
33 0.016066
34 0.0156704
35 0.0153147
36 0.0149743
37 0.014726
38 0.0145375
39 0.0143446
40 0.0141987
41 0.0140571
42 0.0139431
43 0.0137475
44 0.0135748
45 0.0133962
46 0.0132379
47 0.0130495
48 0.0128797
49 0.0126637
50 0.0124023
