0 6.93263
1 0.210293
2 0.170737
3 0.159818
4 0.148305
5 0.147804
6 0.142699
7 0.110373
8 0.126285
9 0.117157
10 0.119133
11 0.105055
12 0.111589
13 0.108234
14 0.0988395
15 0.0964207
16 0.09045
17 0.10822
18 0.0825841
19 0.0892265
20 0.0794189
21 0.0791689
22 0.0805611
23 0.0904296
24 0.0765636
25 0.0704051
26 0.0689696
27 0.0715307
28 0.0685812
29 0.0669375
30 0.0723114
31 0.0869957
32 0.0685066
33 0.0667566
34 0.0718284
35 0.0664933
36 0.0646482
37 0.0612396
38 0.061381
39 0.062318
40 0.0592787
41 0.058524
42 0.0552348
43 0.0601338
44 0.065256
45 0.0564655
46 0.0592052
47 0.0634841
48 0.0606945
49 0.0581938
50 0.0562645
51 0.0589342
52 0.0627516
53 0.0554194
54 0.0578271
55 0.05249
56 0.0577915
57 0.0556305
58 0.0565186
59 0.0596833
60 0.0563753
61 0.0554554
62 0.0501646
63 0.0470069
64 0.050594
65 0.0591896
66 0.0594347
67 0.0534629
68 0.0484045
69 0.0546629
70 0.0594443
71 0.0495319
72 0.0507727
73 0.0461761
74 0.0546907
75 0.049395
76 0.047315
77 0.0463992
78 0.044991
79 0.0446457
80 0.0420169
81 0.0406895
82 0.0421048
83 0.040442
84 0.0383646
85 0.0438564
86 0.039973
87 0.0380822
88 0.0388526
89 0.0373897
90 0.0454583
91 0.0391574
92 0.041819
93 0.0379595
94 0.0390293
95 0.0402639
96 0.0363355
97 0.0405135
98 0.0380798
99 0.0367727
100 0.0364415
101 0.0414189
102 0.0366934
103 0.0354286
104 0.0380542
105 0.0392938
106 0.0354273
107 0.0412728
108 0.0350238
109 0.0374334
110 0.0344398
111 0.0344096
112 0.0308956
113 0.03041
114 0.0320032
115 0.0328572
116 0.0307437
117 0.0325201
118 0.0319746
119 0.0336661
120 0.0340126
121 0.0313343
122 0.0301675
123 0.0330089
124 0.0293881
125 0.0307889
126 0.028863
127 0.0276369
128 0.0273956
129 0.0273984
130 0.0290021
131 0.0327656
132 0.0265513
133 0.0284698
134 0.0249237
135 0.025715
136 0.02592
137 0.0297042
138 0.025066
139 0.0298496
140 0.024324
141 0.0258769
142 0.0281723
143 0.0217757
144 0.0252816
145 0.0227054
146 0.0262671
147 0.0264708
148 0.025204
149 0.0231525
150 0.0256333
151 0.0244936
152 0.0237168
153 0.0242075
154 0.0218546
155 0.022236
156 0.0252216
157 0.0243647
158 0.023281
159 0.0210312
160 0.023787
161 0.0242851
162 0.0242179
163 0.0234052
164 0.0217686
165 0.0203511
166 0.0224642
167 0.0206966
168 0.0186409
169 0.0185306
170 0.0173728
171 0.0184609
172 0.016937
173 0.0176278
174 0.0218496
175 0.0245683
176 0.0234012
177 0.0230757
178 0.0204249
179 0.0194027
180 0.0217851
181 0.0199543
182 0.0180481
183 0.0208363
184 0.0207433
185 0.0233675
186 0.0226429
187 0.01879
188 0.0179671
189 0.0197311
190 0.018829
191 0.0200783
192 0.016671
193 0.0193628
194 0.0181141
195 0.022111
196 0.020507
197 0.0216901
198 0.019914
199 0.0230498
200 0.0254518
201 0.0191317
202 0.021624
203 0.0180059
204 0.0173446
205 0.0198941
206 0.0184646
207 0.0221339
208 0.0202105
209 0.018135
210 0.0155452
211 0.0152395
212 0.0165293
213 0.0164225
214 0.0153614
215 0.014273
216 0.0156534
217 0.0153569
218 0.0142096
219 0.0159856
220 0.0137504
221 0.0135737
222 0.0135136
223 0.0133865
224 0.0136486
225 0.012881
226 0.0126213
227 0.0126186
228 0.0122271
229 0.0115086
230 0.0112551
231 0.0113759
232 0.0116612
233 0.0115421
234 0.0129191
235 0.0118139
236 0.0111754
237 0.0108661
238 0.0106978
239 0.0104059
240 0.0104339
241 0.0104384
242 0.0103871
243 0.0103435
244 0.0103079
245 0.0102818
246 0.0102586
247 0.0102411
248 0.0102242
249 0.0102095
250 0.0101936
