0 0.78672
1 0.826531
2 0.867621
3 0.716223
4 0.69104
5 0.751811
6 0.80647
7 0.601808
8 0.579394
9 0.651917
10 0.730926
11 0.53024
12 0.486519
13 0.537414
14 0.642978
15 0.514485
16 0.458582
17 0.435221
18 0.551897
19 0.512164
20 0.46451
21 0.361314
22 0.464419
23 0.489696
24 0.458165
25 0.311685
26 0.385697
27 0.442074
28 0.424227
29 0.274473
30 0.31934
31 0.380613
32 0.371341
33 0.242307
34 0.266132
35 0.319605
36 0.314905
37 0.213517
38 0.224982
39 0.267647
40 0.265212
41 0.188624
42 0.193869
43 0.226933
44 0.225608
45 0.167988
46 0.170387
47 0.196004
48 0.19524
49 0.151241
50 0.152359
51 0.172434
52 0.171968
53 0.137646
54 0.138159
55 0.154126
56 0.153827
57 0.126477
58 0.12668
59 0.139567
60 0.139368
61 0.117151
62 0.117183
63 0.127729
64 0.127591
65 0.109241
66 0.109173
67 0.117908
68 0.11781
69 0.102436
70 0.102305
71 0.10962
72 0.109549
73 0.0965088
74 0.0963377
75 0.102522
76 0.102469
77 0.09129
78 0.0910933
79 0.0963673
80 0.0963269
81 0.086653
82 0.0864401
83 0.0909718
84 0.0909405
85 0.0825
86 0.0822773
87 0.0861978
88 0.0861733
89 0.0787549
90 0.0785267
91 0.0819393
92 0.0819198
93 0.0753569
94 0.0751265
95 0.0781135
96 0.0780979
97 0.0722576
98 0.0720273
99 0.0746548
100 0.0746421
101 0.0694171
102 0.0691885
103 0.0715104
104 0.0715001
105 0.0668029
106 0.0665772
107 0.0686376
108 0.068629
109 0.0643876
110 0.0641656
111 0.066001
112 0.0659939
113 0.0621484
114 0.0619308
115 0.0635715
116 0.0635656
117 0.060066
118 0.0598532
119 0.0613246
120 0.0613195
121 0.0581238
122 0.057916
123 0.0592396
124 0.0592353
125 0.0563075
126 0.0561049
127 0.0572988
128 0.0572951
129 0.054605
130 0.0544076
131 0.0554873
132 0.0554841
133 0.0530054
134 0.0528133
135 0.053792
136 0.0537893
137 0.0514993
138 0.0513125
139 0.0522017
140 0.0521994
141 0.0500787
142 0.0498971
143 0.0507067
144 0.0507046
145 0.0487362
146 0.0485597
147 0.0492981
148 0.0492963
149 0.0474653
150 0.0472938
151 0.0479687
