0 1.0951
1 1.08591
2 1.31902
3 1.06064
4 1.01983
5 1.16288
6 1.35523
7 1.14868
8 1.02762
9 1.18876
10 1.35302
11 1.19183
12 1.05551
13 1.19261
14 1.33386
15 1.20773
16 1.08039
17 1.19052
18 1.30872
19 1.2114
20 1.1011
21 1.18564
22 1.2816
23 1.20783
24 1.11682
25 1.17881
26 1.25466
27 1.19966
28 1.12712
29 1.17067
30 1.22929
31 1.18885
32 1.13232
33 1.16175
34 1.20629
35 1.17688
36 1.13335
37 1.15256
38 1.18599
39 1.16477
40 1.13135
41 1.14343
42 1.16836
43 1.15312
44 1.12736
45 1.13463
46 1.15314
47 1.14224
48 1.1222
49 1.1263
50 1.14003
51 1.13225
52 1.11647
53 1.11851
54 1.12871
55 1.12316
56 1.11057
57 1.11128
58 1.11888
59 1.11492
60 1.10473
61 1.10463
62 1.11029
63 1.10748
64 1.09912
65 1.09851
66 1.10274
67 1.10076
68 1.0938
69 1.0929
70 1.09607
71 1.09467
72 1.08881
73 1.08776
74 1.09012
75 1.08916
76 1.08417
77 1.08304
78 1.08481
79 1.08415
80 1.07985
81 1.0787
82 1.08002
83 1.07959
84 1.07585
85 1.07472
86 1.0757
87 1.07542
88 1.07215
89 1.07106
90 1.07177
91 1.07161
92 1.06873
93 1.06769
94 1.0682
95 1.06812
96 1.06555
97 1.06457
98 1.06493
99 1.06491
100 1.06261
101 1.06169
102 1.06193
103 1.06196
104 1.05989
105 1.05902
106 1.05916
107 1.05922
108 1.05735
109 1.05654
110 1.05662
111 1.0567
112 1.055
113 1.05424
114 1.05426
115 1.05435
116 1.0528
117 1.05209
118 1.05207
119 1.05217
120 1.05075
121 1.05009
122 1.05004
123 1.05015
124 1.04884
125 1.04822
126 1.04814
127 1.04825
128 1.04705
129 1.04647
130 1.04637
131 1.04649
132 1.04537
133 1.04483
134 1.04472
135 1.04483
136 1.04379
137 1.04329
138 1.04317
139 1.04328
140 1.04231
141 1.04184
142 1.04171
143 1.04182
144 1.04092
145 1.04047
146 1.04034
147 1.04045
148 1.03961
149 1.03919
150 1.03905
151 1.03915
