0 110
1 93
2 75
3 82
4 116
5 72
6 119
7 94
8 76
9 108
10 105
11 95
12 109
13 118
14 102
15 79
16 91
17 107
18 93
19 89
20 82
21 84
22 103
23 83
24 112
25 110
26 84
27 116
28 75
29 102
30 108
31 115
32 76
33 113
34 76
35 72
36 113
37 75
38 94
39 118
40 112
41 77
42 93
43 101
44 73
45 73
46 110
47 94
48 110
49 82
50 112
51 120
52 96
53 95
54 83
55 88
56 83
57 97
58 82
59 88
60 78
61 121
62 84
63 84
64 112
65 88
66 84
67 104
68 91
69 108
70 102
71 83
72 113
73 75
74 115
75 116
76 78
77 103
78 91
79 116
80 115
81 83
82 116
83 90
84 106
85 80
86 106
87 120
88 105
89 119
90 88
91 113
92 118
93 100
94 75
95 108
96 116
97 89
98 92
99 88
100 75
101 74
102 101
103 118
104 77
105 94
106 115
107 83
108 76
109 86
110 79
111 119
112 97
113 74
114 89
115 83
116 84
117 74
118 81
119 117
120 73
121 100
122 111
123 119
124 78
125 116
126 107
127 75
128 86
129 80
130 93
131 89
132 82
133 72
134 88
135 88
136 95
137 83
138 101
139 101
140 97
141 109
142 98
143 74
144 113
145 118
146 85
147 75
148 72
149 97
150 72
151 73
152 75
153 111
154 72
155 83
156 106
157 107
158 86
159 120
160 117
161 109
162 89
163 78
164 110
165 107
166 96
167 83
168 120
169 75
170 114
171 97
172 112
173 92
174 99
175 103
176 88
177 113
178 106
179 88
180 88
181 109
182 89
183 93
184 98
185 91
186 104
187 84
188 79
189 121
190 84
191 74
192 108
193 104
194 80
195 96
196 91
197 104
198 109
199 90
200 110
201 101
202 115
203 100
204 74
205 93
206 84
207 90
208 86
209 118
210 107
211 102
212 105
213 76
214 73
215 84
216 96
217 107
218 98
219 105
220 106
221 111
222 107
223 95
224 95
225 116
226 119
227 114
228 100
229 109
230 84
231 88
232 90
233 78
234 119
235 92
236 101
237 81
238 113
239 115
240 79
241 100
242 97
243 115
244 106
245 100
246 79
247 82
248 85
249 105
250 115
251 72
252 94
253 101
254 95
255 119
256 97
257 94
258 112
259 77
260 83
261 74
262 96
263 104
264 82
265 93
266 74
267 113
268 104
269 117
270 108
271 111
272 95
273 83
274 104
275 80
276 111
277 111
278 90
279 77
280 97
281 86
282 79
283 121
284 115
285 102
286 119
287 90
288 76
289 111
290 97
291 88
292 113
293 121
294 120
295 76
296 92
297 74
298 119
299 74
300 72
301 106
302 116
303 95
304 117
305 98
306 105
307 109
308 90
309 76
310 116
311 115
312 90
313 73
314 116
315 85
316 105
317 113
318 103
319 111
320 102
321 80
322 77
323 96
324 80
325 77
326 102
327 100
328 82
329 99
330 105
331 82
332 83
333 99
334 107
335 81
336 77
337 93
338 118
339 97
340 97
341 114
342 92
343 115
344 115
345 87
346 80
347 100
348 78
349 111
350 89
351 111
352 119
353 97
354 85
355 79
356 104
357 115
358 108
359 114
360 92
361 93
362 76
363 106
364 120
365 112
366 115
367 77
368 83
369 113
370 103
371 110
372 105
373 73
374 105
375 100
376 88
377 113
378 78
379 97
380 104
381 97
382 86
383 103
384 72
385 99
386 111
387 105
388 94
389 99
390 99
391 116
392 120
393 104
394 100
395 118
396 96
397 95
398 73
399 109
400 86
401 106
402 97
403 119
404 108
405 82
406 99
407 76
408 73
409 105
410 101
411 105
412 83
413 117
414 88
415 85
416 96
417 77
418 118
419 118
420 104
421 98
422 113
423 102
424 82
425 93
426 100
427 108
428 117
429 104
430 95
431 81
432 88
433 72
434 81
435 76
436 82
437 108
438 81
439 85
440 94
441 112
442 120
443 107
444 110
445 86
446 120
447 84
448 92
449 119
450 81
451 74
452 95
453 74
454 107
455 107
456 95
457 87
458 93
459 92
460 119
461 118
462 104
463 88
464 120
465 113
466 92
467 80
468 101
469 103
470 95
471 75
472 96
473 93
474 110
475 84
476 107
477 109
478 96
479 79
480 106
481 107
482 84
483 81
484 109
485 119
486 116
487 85
488 86
489 89
490 105
491 84
492 85
493 89
494 102
495 83
496 80
497 74
498 93
499 112
500 106
501 116
502 115
503 82
504 89
505 106
506 96
507 76
508 93
509 72
510 84
511 79
512 108
513 96
514 90
515 97
516 95
517 86
518 112
519 111
520 103
521 98
522 73
523 116
524 115
525 105
526 79
527 76
528 108
529 100
530 116
531 94
532 96
533 111
534 104
535 115
536 95
537 80
538 119
539 116
540 80
541 83
542 75
543 118
544 109
545 93
546 94
547 84
548 107
549 86
550 74
551 88
552 112
553 75
554 84
555 108
556 111
557 93
558 112
559 97
560 73
561 108
562 119
563 99
564 97
565 103
566 92
567 121
568 111
569 90
570 117
571 119
572 103
573 121
574 116
575 91
576 94
577 90
578 103
579 80
580 106
581 105
582 98
583 97
584 111
585 113
586 85
587 100
588 84
589 75
590 75
591 86
592 113
593 74
594 113
595 88
596 105
597 86
598 87
599 94
600 106
601 85
602 93
603 87
604 84
605 89
606 106
607 108
608 107
609 90
610 118
611 94
612 73
613 95
614 121
615 112
616 88
617 84
618 92
619 102
620 89
621 97
622 118
623 80
624 99
625 112
626 96
627 82
628 76
629 114
630 106
631 110
632 77
633 80
634 77
635 91
636 97
637 114
638 79
639 85
