0 0
1 88
2 81
3 90
4 92
5 97
6 96
7 98
8 97
9 92
10 89
11 92
12 97
13 97
14 95
15 89
16 93
17 93
18 96
19 95
20 96
21 97
22 97
23 98
24 99
25 98
26 97
27 91
28 90
29 89
30 94
31 92
32 93
33 92
34 89
35 92
36 89
37 94
38 94
39 97
40 93
41 89
42 88
43 89
44 87
45 90
46 95
47 100
48 98
49 101
50 101
51 99
52 98
53 92
54 92
55 86
56 89
57 87
58 86
59 83
60 86
61 91
62 93
63 93
64 90
65 87
66 88
67 89
68 98
69 99
70 97
71 90
72 88
73 95
74 100
75 100
76 94
77 95
78 101
79 104
80 101
81 96
82 92
83 93
84 87
85 87
86 83
87 86
88 92
89 92
90 99
91 101
92 101
93 96
94 92
95 94
96 93
97 90
98 93
99 90
100 90
101 85
102 92
103 94
104 97
105 99
106 100
107 96
108 93
109 90
110 96
111 94
112 92
113 86
114 87
115 91
116 94
117 94
118 95
119 91
120 88
121 89
122 92
123 92
124 89
125 93
126 91
127 92
128 83
129 90
130 87
131 89
132 85
133 85
134 88
135 86
136 88
137 88
138 94
139 92
140 96
141 96
142 93
143 88
144 85
145 93
146 96
147 98
148 95
149 95
150 88
151 89
152 88
153 90
154 85
155 88
156 88
157 92
158 91
159 94
160 94
161 90
162 90
163 91
164 93
165 95
166 94
167 97
168 89
169 88
170 84
171 95
172 96
173 94
174 94
175 96
176 96
177 94
178 92
179 96
180 95
181 93
182 92
183 89
184 88
185 92
186 94
187 93
188 92
189 91
190 94
191 91
192 93
193 89
194 86
195 84
196 94
197 103
198 104
199 101
200 93
201 95
202 97
203 95
204 95
205 90
206 90
207 85
208 87
209 95
210 99
211 97
212 88
213 80
214 82
215 86
216 94
217 91
218 91
219 90
220 93
221 94
222 97
223 96
224 94
225 95
226 97
227 95
228 92
229 89
230 87
231 83
232 83
233 96
234 100
235 99
236 91
237 95
238 96
239 93
240 91
241 89
242 97
243 94
244 97
245 90
246 88
247 86
248 93
249 100
250 99
251 97
252 96
253 95
254 94
255 85
256 87
257 92
258 91
259 96
260 87
261 90
262 89
263 91
264 91
265 90
266 92
267 98
268 100
269 97
270 92
271 91
272 92
273 93
274 85
275 88
276 87
277 94
278 89
279 96
280 93
281 93
282 93
283 94
284 99
285 97
286 96
287 92
288 90
289 91
290 90
291 90
292 91
293 96
294 93
295 93
296 91
297 94
298 89
299 84
300 84
301 91
302 96
303 99
304 95
305 98
306 91
307 94
308 87
309 92
310 94
311 101
312 97
313 94
314 90
315 95
316 96
317 97
318 92
319 90
320 92
321 92
322 96
323 94
324 94
325 89
326 87
327 90
328 95
329 98
330 95
331 94
332 95
333 98
334 94
335 89
336 85
337 91
338 93
339 96
340 96
341 98
342 98
343 98
344 96
345 93
346 89
347 86
348 94
349 94
350 98
351 98
352 100
353 95
354 87
355 87
356 94
357 95
358 94
359 90
360 90
361 86
362 90
363 94
364 99
365 100
366 100
367 94
368 94
369 91
370 94
371 90
372 84
373 88
374 91
375 97
376 98
377 94
378 94
379 91
380 89
381 87
382 84
383 84
384 88
385 94
386 99
387 94
388 90
389 90
390 95
391 95
392 95
393 90
394 89
395 89
396 90
397 84
398 83
399 84
400 93
401 95
402 104
403 106
404 102
405 96
406 87
407 88
408 88
409 91
410 94
411 89
412 90
413 90
414 89
415 92
416 89
417 95
418 95
419 97
420 95
421 94
422 92
423 90
424 88
425 85
426 90
427 96
428 98
429 94
430 90
431 89
432 90
433 89
434 85
435 85
436 88
437 92
438 93
439 92
440 99
441 99
442 93
443 90
444 84
445 89
446 89
447 97
448 101
449 100
450 93
451 83
452 82
453 84
454 91
455 93
456 92
457 91
458 94
459 100
460 102
461 100
462 96
463 92
464 94
465 96
466 92
467 88
468 88
469 96
470 96
471 92
472 90
473 95
474 98
475 100
476 93
477 96
478 89
479 90
480 87
481 92
482 91
483 93
484 93
485 97
486 96
487 95
488 88
489 89
490 84
491 89
492 88
493 95
494 93
495 90
496 82
497 85
498 93
499 101
500 106
501 103
502 97
503 90
504 86
505 88
506 89
507 90
508 90
509 90
510 92
511 95
512 93
513 94
514 92
515 92
516 87
517 90
518 93
519 97
520 96
521 95
522 93
523 90
524 89
525 89
526 89
527 92
528 96
529 98
530 98
531 97
532 98
533 96
534 93
535 88
536 84
537 87
538 95
539 94
540 92
541 85
542 91
543 94
544 100
545 96
546 97
547 96
548 96
549 89
550 87
551 90
552 88
553 86
554 89
555 96
556 99
557 95
558 88
559 82
560 87
561 93
562 98
563 90
564 87
565 84
566 90
567 95
568 100
569 96
570 95
571 92
572 98
573 101
574 102
575 97
576 93
577 93
578 92
579 91
580 97
581 100
582 104
583 101
584 97
585 91
586 86
587 89
588 86
589 84
590 83
591 90
592 88
593 91
594 89
595 97
596 91
597 91
598 91
599 95
600 96
601 96
602 98
603 100
604 97
605 93
606 90
607 93
608 92
609 93
610 91
611 94
612 93
613 101
614 107
615 106
616 96
617 90
618 89
619 87
620 87
621 88
622 87
623 84
624 89
625 92
626 91
627 85
628 88
629 93
630 96
631 90
632 89
633 84
634 90
635 87
636 89
637 85
638 91
639 0
